version https://git-lfs.github.com/spec/v1
oid sha256:85e56c47b2d12894765312978b9486a4a5c4eb91aee482ec86c4ee0428ca7d89
size 17651
