version https://git-lfs.github.com/spec/v1
oid sha256:6e723f0ec97ccb5a64464d30fb352728b8cb202a35c669d85bca4d0c5addc538
size 1988
